PCA-RF-Malaria: 672128.4687400006
Lasso-RF-Malaria: 1022135.4410870197
Lasso-RF-Rhizo: 991438.3006009983
tSNE-RF-Malaria: 963543.8750449918
AE-SVM-Rhizo: 18291071.85542409
AE-RF-Malaria: 46307514.06218032
PCA-RF-TARA: 1056313.3278780242
AE-RF-GEM: 10053628639.599142
tSNE-SVM-Rhizo: 2567117.88594531
AE-RF-TARA: 429272842.800293
PCA-SVM-Rhizo: 25944.703115000008
Lasso-RF-TARA: 7519303.20961752
Lasso-SVM-Rhizo: 920470.3008329847
tSNE-RF-Rhizo: 643769.5277940002
AE-SVM-Malaria: 45820408.19142685
PCA-RF-Rhizo: 134797.7578940007
tSNE-RF-TARA: 7052769.539269923
tSNE-SVM-Malaria: 107179320.76982075
Lasso-SVM-Malaria: 1083548.914413965
PCA-SVM-Malaria: 295181.64049099915
AE-RF-Rhizo: 20488646.390746757
